255
255
255
255
255
255
255
0
0
0
255
255
255
255
0
255
255
255
255
255
0
255
0
255
0
255
0
0
0
0
255
0
0
255
0
255
0
255
255
0
255
255
255
0
0
255
255
255
0
0
255
255
255
255
0
0
0
0
0
0
0
0
255
255
255
0
0
0
255
255
255
255
255
0
0
0
0
255
0
0
255
0
0
255
0
0
0
0
0
0
0
0
255
255
255
255
255
255
255
0
255
0
255
0
0
0
0
255
255
255
255
0
0
255
0
255
255
255
0
0
255
255
255
255
255
255
0
255
255
0
255
0
0
255
255
255
255
255
255
0
0
255
255
255
255
0
0
0
255
0
0
255
255
0
0
0
255
255
255
255
255
255
128
128
128
128
128
128
