0.100000
0.100000
0.100000
0.100000
0.100000
0.100000
0.100000
0.100000
0.100000
0.100000
0.100000
0.232448
0.246135
0.272631
0.338403
0.377679
0.397671
0.445593
0.482834
0.522909
0.511170
0.524259
0.594217
0.659466
0.758147
0.774856
0.849809
0.996250
1.149081
1.246747
1.478959
1.593119
1.824042
2.111734
2.462479
2.916996
3.582131
4.229369
5.707117
8.100366
13.319056
27.199236
119.740723
292.410156
443.691345
614.322510
852.213745
1127.677002
1267.618042
1279.126221
1141.860474
999.248230
829.750671
591.035095
311.406860
157.923538
54.059410
18.456205
9.241378
6.734610
5.223445
4.015418
3.336594
2.707822
2.270427
2.232957
2.172171
1.935802
1.767766
1.642047
1.496542
1.325043
0.999849
0.783175
0.689217
0.581999
0.617567
0.821446
1.079801
1.183346
1.306189
1.542706
1.858140
2.192532
2.119348
2.075369
2.151506
2.092263
1.830224
1.542875
1.089857
0.906908
0.657538
0.412780
0.287520
0.227455
0.100000
0.100000
0.100000
0.100000
0.100000
0.100000
0.100000
0.100000
0.100000
0.100000
0.100000
0.100000
0.100000
0.100000
0.100000
0.541083
1.487339
2.001733
2.815845
3.713563
4.813218
5.361624
5.274890
4.414160
3.935667
3.084893
2.202398
1.089718
0.534363
0.100000
0.100000
0.100000
0.100000
0.100000
0.100000
0.100000
0.100000
0.100000
0.100000
0.225233
0.100000
0.100000
0.100000
0.100000
0.100000
0.100000
0.100000
0.100000
0.100000
0.100000
0.100000
0.100000
0.100000
0.100000
0.235855
0.652782
1.090551
1.458276
1.767596
2.354640
2.901289
3.507451
3.532185
3.581693
3.711491
3.936843
3.898180
3.725919
3.297380
3.092592
2.748409
2.296727
1.783567
1.244321
0.877647
0.580640
0.429380
0.303582
0.332621
0.392267
0.826058
4.425357
9.009838
11.811619
15.033474
19.675724
22.669901
24.580742
22.039936
17.598951
14.896849
11.839529
7.231355
4.268941
2.024577
0.950441
0.790781
0.682090
0.637446
0.911820
1.405599
2.334289
3.614649
5.087660
7.295688
9.010888
10.622424
11.777158
12.498379
12.111217
11.298358
9.210950
7.401814
5.440977
3.703211
1.953280
1.066431
0.564975
0.903714
2.318773
3.732306
5.680436
7.308502
8.869809
10.392814
11.433984
10.600839
9.362658
7.422571
5.794555
4.222301
2.546220
0.980001
0.347317
0.100000
0.100000
0.100000
0.100000
0.100000
0.100000
0.100000
0.100000
0.100000
0.100000
0.100000
0.100000
0.100000
0.100000
0.277521
0.371348
0.490088
0.650550
0.905750
1.059220
1.091314
1.018333
1.002731
1.029407
1.093296
1.006647
1.091654
1.277201
1.516277
1.594054
1.486311
1.310394
1.127240
0.867645
0.542492
0.257818
0.100000
0.100000
0.100000
0.100000
0.100000
0.100000
0.100000
0.100000
0.100000
0.100000
0.100000
0.100000
0.100000
0.226415
0.100000
0.100000
0.100000
0.100000
0.100000
0.100000
0.100000
0.100000
0.100000
0.100000
0.100000
0.100000
0.100000
0.100000
0.100000
0.100000
0.100000
0.100000
0.100000
0.100000
0.100000
0.100000
0.100000
0.100000
0.100000
0.100000
0.100000
0.100000
0.100000
0.100000
0.100000
0.100000
0.100000
0.100000
0.100000
0.100000
0.100000
0.100000
0.100000
0.100000
0.671757
3.248106
4.607611
6.049611
6.807381
8.892033
9.915523
10.873469
8.641244
7.311460
5.836145
5.037809
2.899797
1.904196
0.424827
0.100000
0.100000
0.100000
0.100000
0.100000
0.100000
0.100000
0.100000
0.100000
0.100000
0.100000
0.100000
0.100000
0.100000
0.100000
0.100000
0.100000
0.100000
0.100000
0.100000
0.100000
0.100000
0.100000
0.100000
0.100000
0.100000
0.100000
0.100000
0.100000
0.100000
0.100000
0.100000
0.100000
0.100000
0.100000
0.100000
0.100000
0.100000
0.100000
0.100000
0.100000
0.100000
0.100000
0.100000
0.100000
0.100000
0.100000
0.100000
0.100000
0.100000
0.100000
0.100000
0.100000
0.100000
0.100000
0.100000
0.100000
0.100000
0.100000
0.100000
0.100000
0.100000
0.100000
0.100000
0.100000
0.100000
0.100000
0.100000
0.100000
0.100000
0.100000
0.100000
0.100000
0.100000
0.100000
0.100000
