 Date   UTC Sync dB   DT    Freq       Message
--------------------------------------------------
140707 2214  17 -13  2.9  10.140109  HB9RKF JN36 30          0  5535   17
140707 2214  10 -21  1.2  10.140119  PA1SSB JO21 23          0     1    0
140707 2214  18 -14 -0.8  10.140207  VE3LTI FN25 27          0     1    0
140707 2214  16 -16 -0.8  10.140223  DL1FX JN49 20           0     1    0
140707 2214  26  -4  0.3  10.140241  DL6YCU JO31 37          0     1    0
 Date   UTC Sync dB   DT    Freq       Message
--------------------------------------------------
140707 2214  17 -13  2.9  10.140109  HB9RKF JN36 30          0  5535   17
140707 2214  10 -21  1.2  10.140119  PA1SSB JO21 23          0     1    0
140707 2214  18 -14 -0.8  10.140207  VE3LTI FN25 27          0     1    0
140707 2214  16 -16 -0.8  10.140223  DL1FX JN49 20           0     1    0
140707 2214  26  -4  0.3  10.140241  DL6YCU JO31 37          0     1    0
 Date   UTC Sync dB   DT    Freq       Message
--------------------------------------------------
 Date   UTC Sync dB   DT    Freq       Message
--------------------------------------------------
140707 2140  20  -9  1.3  10.140139  G8VDQ IO91 37           0     1    0
140707 2140  21 -10 -0.0  10.140163  G3THQ IO91 37           0     1    0
140707 2140  20 -12  2.1  10.140182  OZ7EC JO65 37           0     1    0
140707 2140  18 -12 -0.6  10.140200  DL1GCD JN48 33          0     3    0
140707 2140  11 -19 -0.8  10.140233  G0BZB IO94 27           0     1    0
140707 2140  13 -19 -0.1  10.140255  KI7CI DM09 37           0     1    0
 Date   UTC Sync dB   DT    Freq       Message
--------------------------------------------------
140707 2140  20  -9  1.3  10.140139  G8VDQ IO91 37           0     1    0
140707 2140  21 -10 -0.0  10.140163  G3THQ IO91 37           0     1    0
140707 2140  20 -12  2.1  10.140182  OZ7EC JO65 37           0     1    0
140707 2140  18 -12 -0.6  10.140200  DL1GCD JN48 33          0     3    0
140707 2140  11 -19 -0.8  10.140233  G0BZB IO94 27           0     1    0
140707 2140  13 -19 -0.1  10.140255  KI7CI DM09 37           0     1    0
 Date   UTC Sync dB   DT    Freq       Message
--------------------------------------------------
 Date   UTC Sync dB   DT    Freq       Message
--------------------------------------------------
 Date   UTC Sync dB   DT    Freq       Message
--------------------------------------------------
 Date   UTC Sync dB   DT    Freq       Message
--------------------------------------------------
 Date   UTC Sync dB   DT    Freq       Message
--------------------------------------------------
140707 2136   4 -28 -1.1  10.140112  PA0BFO JO21 23          0    41    0
140707 2136  14 -17  0.5  10.140140  AF6CH DM09 37           0     1    0
140707 2136  22  -8 -0.3  10.140163  G3THQ IO91 37           0     1    0
140707 2136  24  -7  0.7  10.140179  OO1A JO20 37            0     1    0
140707 2136  18 -12 -1.1  10.140200  WA5ETV EM15 37          0     2    0
140707 2136  22  -7 -0.2  10.140224  ON7KB JO21 33           0     1    0
140707 2136  21 -11 -0.4  10.140283  F4MZI JO10 27           0     1    0
 Date   UTC Sync dB   DT    Freq       Message
--------------------------------------------------
140707 2136   4 -28 -1.1  10.140112  PA0BFO JO21 23          0    41    0
140707 2136  14 -17  0.5  10.140140  AF6CH DM09 37           0     1    0
140707 2136  22  -8 -0.3  10.140163  G3THQ IO91 37           0     1    0
140707 2136  24  -7  0.7  10.140179  OO1A JO20 37            0     1    0
140707 2136  18 -12 -1.1  10.140200  WA5ETV EM15 37          0     2    0
140707 2136  22  -7 -0.2  10.140224  ON7KB JO21 33           0     1    0
140707 2136  21 -11 -0.4  10.140283  F4MZI JO10 27           0     1    0
 Date   UTC Sync dB   DT    Freq       Message
--------------------------------------------------
140707 2138  18 -13  3.1  10.140106  HB9RKF JN36 30          0  6669    0
140707 2138  11 -19  1.4  10.140119  PA1SSB JO21 23          0     1    0
140707 2138  15 -16  0.9  10.140128  KB1CHU FN42 30          0   201    0
140707 2138  26  -4 -0.8  10.140185  G6NHU JO01 20           0     1    0
140707 2138  17 -15  1.0  10.140216  DB4HU JO43 37          -3     1    0
140707 2138   5 -23 -0.8  10.140231  G4CAO IO91 20           0   111    0
140707 2138  25  -4 -0.2  10.140245  OZ7IT JO65 37          -1     1    0
 Date   UTC Sync dB   DT    Freq       Message
--------------------------------------------------
140707 2138  18 -13  3.1  10.140106  HB9RKF JN36 30          0  6669    0
140707 2138  11 -19  1.4  10.140119  PA1SSB JO21 23          0     1    0
140707 2138  15 -16  0.9  10.140128  KB1CHU FN42 30          0   201    0
140707 2138  26  -4 -0.8  10.140185  G6NHU JO01 20           0     1    0
140707 2138  17 -15  1.0  10.140216  DB4HU JO43 37          -3     1    0
140707 2138   5 -23 -0.8  10.140231  G4CAO IO91 20           0   111    0
140707 2138  25  -4 -0.2  10.140245  OZ7IT JO65 37          -1     1    0
 Date   UTC Sync dB   DT    Freq       Message
--------------------------------------------------
140707 2140  20  -9  1.3  10.140139  G8VDQ IO91 37           0     1    0
140707 2140  21 -10 -0.0  10.140163  G3THQ IO91 37           0     1    0
140707 2140  20 -12  2.1  10.140182  OZ7EC JO65 37           0     1    0
140707 2140  18 -12 -0.6  10.140200  DL1GCD JN48 33          0     3    0
140707 2140  11 -19 -0.8  10.140233  G0BZB IO94 27           0     1    0
140707 2140  13 -19 -0.1  10.140255  KI7CI DM09 37           0     1    0
 Date   UTC Sync dB   DT    Freq       Message
--------------------------------------------------
140707 2142  38   6 -0.8  10.140198  ON7KO JO21 37          -1     1    0
140707 2142  16 -17  0.1  10.140260  K4COD EM73 37           0     2    0
140707 2142  23  -8 -0.6  10.140270  GM4SFW IO77 37          0     1    0
 Date   UTC Sync dB   DT    Freq       Message
--------------------------------------------------
140707 2142  38   6 -0.8  10.140198  ON7KO JO21 37          -1     1    0
140707 2142  16 -17  0.1  10.140260  K4COD EM73 37           0     2    0
140707 2142  23  -8 -0.6  10.140270  GM4SFW IO77 37          0     1    0
 Date   UTC Sync dB   DT    Freq       Message
--------------------------------------------------
140707 2144  15 -15  3.0  10.140108  HB9RKF JN36 30          0   372    0
140707 2144   9 -22  1.3  10.140119  PA1SSB JO21 23          0     1    0
140707 2144  11 -20  0.7  10.140141  AF6CH DM09 37           0     2    0
140707 2144   7 -24 -0.7  10.140174  OE6PWD JN77 30          0     3    0
140707 2144  17 -14 -0.9  10.140233  G0BZB IO95 27           0     1    0
140707 2144  22 -10 -0.1  10.140253  G3JKF JO00 37           0     1    0
140707 2144  29  -3 -1.0  10.140289  WB5B EL16 30           -1     1    0
140707 2144   9 -26 -1.7  10.140297  <...> JTH8IA 44         4  9401   63
 Date   UTC Sync dB   DT    Freq       Message
--------------------------------------------------
140707 2144  15 -15  3.0  10.140108  HB9RKF JN36 30          0   372    0
140707 2144   9 -22  1.3  10.140119  PA1SSB JO21 23          0     1    0
140707 2144  11 -20  0.7  10.140141  AF6CH DM09 37           0     2    0
140707 2144   7 -24 -0.7  10.140174  OE6PWD JN77 30          0     3    0
140707 2144  17 -14 -0.9  10.140233  G0BZB IO95 27           0     1    0
140707 2144  22 -10 -0.1  10.140253  G3JKF JO00 37           0     1    0
140707 2144  29  -3 -1.0  10.140289  WB5B EL16 30           -1     1    0
140707 2144   9 -26 -1.7  10.140297  <...> JTH8IA 44         4  9401   63
 Date   UTC Sync dB   DT    Freq       Message
--------------------------------------------------
140707 2144  15 -15  3.0  10.140108  HB9RKF JN36 30          0   372    0
140707 2144   9 -22  1.3  10.140119  PA1SSB JO21 23          0     1    0
140707 2144  11 -20  0.7  10.140141  AF6CH DM09 37           0     2    0
140707 2144   7 -24 -0.7  10.140174  OE6PWD JN77 30          0     3    0
140707 2144  17 -14 -0.9  10.140233  G0BZB IO95 27           0     1    0
140707 2144  22 -10 -0.1  10.140253  G3JKF JO00 37           0     1    0
140707 2144  29  -3 -1.0  10.140289  WB5B EL16 30           -1     1    0
140707 2144   9 -26 -1.7  10.140297  <...> JTH8IA 44         4  9401   63
 Date   UTC Sync dB   DT    Freq       Message
--------------------------------------------------
140707 2146  18 -13  1.1  10.140139  G8VDQ IO91 37           0     1    0
140707 2146  15 -15 -0.1  10.140163  G3THQ IO91 37           0     1    0
140707 2146  15 -16 -0.4  10.140170  HB9CZF JN47 30          1     1    0
140707 2146   8 -25  0.7  10.140189  K0GUN EM36 30           0     1    0
140707 2146  14 -17 -0.8  10.140206  VE3LTI FN25 27          0     1    0
140707 2146  17 -13  0.3  10.140215  DB4HU JO43 37          -3     1    0
140707 2146  19 -12 -0.6  10.140224  ON7KB JO21 33           0     1    0
140707 2146  22  -9  0.0  10.140270  W3CSW FM19 33           0     1    0
140707 2146  14 -16 -0.5  10.140283  F4MZI JO10 27           0     1    0
 Date   UTC Sync dB   DT    Freq       Message
--------------------------------------------------
140707 2148  14 -14  3.0  10.140106  HB9RKF JN36 30          0  9623    7
140707 2148  30  -1  0.4  10.140129  KB1CHU FN42 30         -1  6647   47
140707 2148   4 -24 -0.8  10.140143  OH5XO KP41 23           0  1873    5
140707 2148  20 -10  0.8  10.140180  OO1A JO20 37            0     3    0
140707 2148   6 -23 -0.6  10.140223  DL1FX JN49 20           1  9952  -27
140707 2148  15 -16 -0.9  10.140234  G0BZB IO95 27           0     1    0
140707 2148   4 -29 -0.2  10.140255  KI7CI DM09 37           0    21    0
 Date   UTC Sync dB   DT    Freq       Message
--------------------------------------------------
140707 2148  14 -14  3.0  10.140106  HB9RKF JN36 30          0  9623    7
140707 2148  30  -1  0.4  10.140129  KB1CHU FN42 30         -1  6647   47
140707 2148   4 -24 -0.8  10.140143  OH5XO KP41 23           0  1873    5
140707 2148  20 -10  0.8  10.140180  OO1A JO20 37            0     3    0
140707 2148   6 -23 -0.6  10.140223  DL1FX JN49 20           1  9952  -27
140707 2148  15 -16 -0.9  10.140234  G0BZB IO95 27           0     1    0
140707 2148   4 -29 -0.2  10.140255  KI7CI DM09 37           0    21    0
 Date   UTC Sync dB   DT    Freq       Message
--------------------------------------------------
 Date   UTC Sync dB   DT    Freq       Message
--------------------------------------------------
 Date   UTC Sync dB   DT    Freq       Message
--------------------------------------------------
140707 2152  24  -6  0.4  10.140127  KB1CHU FN42 30         -1  9394   51
140707 2152  20 -11  1.2  10.140139  G8VDQ IO91 37           0     1    0
140707 2152  19 -11 -0.5  10.140200  DL1GCD JN48 33          0     1    0
140707 2152  13 -16 -0.8  10.140233  G0BZB IO94 27           0     1    0
 Date   UTC Sync dB   DT    Freq       Message
--------------------------------------------------
140707 2152  24  -6  0.4  10.140127  KB1CHU FN42 30         -1  9394   51
140707 2152  20 -11  1.2  10.140139  G8VDQ IO91 37           0     1    0
140707 2152  19 -11 -0.5  10.140200  DL1GCD JN48 33          0     1    0
140707 2152  13 -16 -0.8  10.140233  G0BZB IO94 27           0     1    0
 Date   UTC Sync dB   DT    Freq       Message
--------------------------------------------------
140707 2154   8 -21  2.9  10.140108  HB9RKF JN36 30          1  7490    9
140707 2154   3 -33  0.4  10.140141  AF6CH DM09 37           0   426    0
140707 2154  14 -17 -0.2  10.140163  G3THQ IO91 37           0     1    0
140707 2154  34   4 -0.8  10.140199  ON7KO JO21 37          -1     1    0
140707 2154   3 -26 -0.8  10.140223  DL1FX JN49 20           0  2957   13
140707 2154  30  -3 -0.5  10.140270  GM4SFW IO77 37          0     1    0
 Date   UTC Sync dB   DT    Freq       Message
--------------------------------------------------
140707 2154   8 -21  2.9  10.140108  HB9RKF JN36 30          1  7490    9
140707 2154   3 -33  0.4  10.140141  AF6CH DM09 37           0   426    0
140707 2154  14 -17 -0.2  10.140163  G3THQ IO91 37           0     1    0
140707 2154  34   4 -0.8  10.140199  ON7KO JO21 37          -1     1    0
140707 2154   3 -26 -0.8  10.140223  DL1FX JN49 20           0  2957   13
140707 2154  30  -3 -0.5  10.140270  GM4SFW IO77 37          0     1    0
 Date   UTC Sync dB   DT    Freq       Message
--------------------------------------------------
140707 2156   6 -24  1.2  10.140119  PA1SSB JO21 23          0     1    0
140707 2156   3 -28 -1.0  10.140143  OH5XO KP41 23           0  4085   -1
140707 2156   4 -28 -0.5  10.140162  WA8KNE EM90 37          0  7837  -30
140707 2156  17 -12 -0.4  10.140172  HB9CZF JN47 30          1     1    0
140707 2156  20 -10 -0.7  10.140224  ON7KB JO21 33           0     1    0
140707 2156  15 -16 -0.9  10.140234  G0BZB IO94 27           0     1    0
140707 2156   3 -31 -0.3  10.140255  KI7CI DM09 37           0   557    0
140707 2156  20 -10 -0.8  10.140283  F4MZI JO10 27           0     1    0
 Date   UTC Sync dB   DT    Freq       Message
--------------------------------------------------
140707 2158  15 -14  3.0  10.140106  HB9RKF JN36 30          0  1452    0
140707 2158  21  -9  0.6  10.140130  KB1CHU FN42 30          1  7476   16
140707 2158   3 -28 -0.6  10.140150  K7FET CN85 33           0   362    0
140707 2158  18 -13 -0.3  10.140163  G3THQ IO91 37           0     1    0
140707 2158  23  -9  0.8  10.140179  OO1A JO20 37            0     1    0
140707 2158   4 -24  0.0  10.140190  K0GUN EM36 30           1     4    0
140707 2158  14 -17  0.0  10.140216  DB4HU JO43 37          -3     1    0
140707 2158  22  -7 -0.3  10.140245  OZ7IT JO65 37          -1     1    0
140707 2158   9 -25  0.1  10.140278  KK6AYK CM97 37          0     1    0
 Date   UTC Sync dB   DT    Freq       Message
--------------------------------------------------
140707 2158  15 -14  3.0  10.140106  HB9RKF JN36 30          0  1452    0
140707 2158  21  -9  0.6  10.140130  KB1CHU FN42 30          1  7476   16
140707 2158   3 -28 -0.6  10.140150  K7FET CN85 33           0   362    0
140707 2158  18 -13 -0.3  10.140163  G3THQ IO91 37           0     1    0
140707 2158  23  -9  0.8  10.140179  OO1A JO20 37            0     1    0
140707 2158   4 -24  0.0  10.140190  K0GUN EM36 30           1     4    0
140707 2158  14 -17  0.0  10.140216  DB4HU JO43 37          -3     1    0
140707 2158  22  -7 -0.3  10.140245  OZ7IT JO65 37          -1     1    0
140707 2158   9 -25  0.1  10.140278  KK6AYK CM97 37          0     1    0
 Date   UTC Sync dB   DT    Freq       Message
--------------------------------------------------
140707 2158  15 -14  3.0  10.140106  HB9RKF JN36 30          0  1452    0
140707 2158  21  -9  0.6  10.140130  KB1CHU FN42 30          1  7476   16
140707 2158   3 -28 -0.6  10.140150  K7FET CN85 33           0   362    0
140707 2158  18 -13 -0.3  10.140163  G3THQ IO91 37           0     1    0
140707 2158  23  -9  0.8  10.140179  OO1A JO20 37            0     1    0
140707 2158   4 -24  0.0  10.140190  K0GUN EM36 30           1     4    0
140707 2158  14 -17  0.0  10.140216  DB4HU JO43 37          -3     1    0
140707 2158  22  -7 -0.3  10.140245  OZ7IT JO65 37          -1     1    0
140707 2158   9 -25  0.1  10.140278  KK6AYK CM97 37          0     1    0
 Date   UTC Sync dB   DT    Freq       Message
--------------------------------------------------
140707 2200  21 -10  1.0  10.140139  G8VDQ IO91 37           0     1    0
140707 2200  15 -15 -0.8  10.140212  SM6WZI JO67 37          0     2    0
140707 2200  14 -16 -0.9  10.140231  G0BZB IO94 27           0     2    0
140707 2200  25  -5  0.6  10.140240  DL6YCU JO31 37          0     1    0
 Date   UTC Sync dB   DT    Freq       Message
--------------------------------------------------
140707 2202  17 -15  0.7  10.140127  KB1CHU FN42 30          0  2912    0
140707 2202  19 -11 -0.2  10.140163  G3THQ IO91 37           0     1    0
140707 2202  12 -21  2.0  10.140182  OZ7EC JO65 37           0     1    0
140707 2202  23  -7 -0.6  10.140200  DL1GCD JN48 33          0   543    0
140707 2202   3 -27 -0.8  10.140231  G4CAO IO91 20           1    41    0
140707 2202  20 -11 -0.1  10.140253  G3JKF JO00 37           0     1    0
 Date   UTC Sync dB   DT    Freq       Message
--------------------------------------------------
140707 2200  21 -10  1.0  10.140139  G8VDQ IO91 37           0     1    0
140707 2200  15 -15 -0.8  10.140212  SM6WZI JO67 37          0     2    0
140707 2200  14 -16 -0.9  10.140231  G0BZB IO94 27           0     2    0
140707 2200  25  -5  0.6  10.140240  DL6YCU JO31 37          0     1    0
 Date   UTC Sync dB   DT    Freq       Message
--------------------------------------------------
140707 2208  12 -18  3.2  10.140107  HB9RKF JN36 30          0   134    0
140707 2208  24  -7  0.6  10.140129  KB1CHU FN42 30         -1  5230   46
140707 2208   5 -25 -0.8  10.140143  OH5XO KP41 23           0     1    0
140707 2208  16 -14  0.0  10.140163  G3THQ IO91 37           0     1    0
140707 2208  18  -8  0.9  10.140180  OO1A JO20 37            0     6    0
140707 2208  12 -19 -0.6  10.140223  DL1FX JN49 20           0     1    0
140707 2208  10 -20 -0.8  10.140232  G0BZB IO94 27           0     1    0
140707 2208  18 -12 -0.3  10.140245  OZ7IT JO65 37          -1     1    0
140707 2208   4 -32 -0.2  10.140255  KI7CI DM09 37           0     9    0
140707 2208  10 -21  0.2  10.140278  KK6AYK CM97 37          0     1    0
 Date   UTC Sync dB   DT    Freq       Message
--------------------------------------------------
140707 2208  12 -18  3.2  10.140107  HB9RKF JN36 30          0   134    0
140707 2208  24  -7  0.6  10.140129  KB1CHU FN42 30         -1  5230   46
140707 2208   5 -25 -0.8  10.140143  OH5XO KP41 23           0     1    0
140707 2208  16 -14  0.0  10.140163  G3THQ IO91 37           0     1    0
140707 2208  18  -8  0.9  10.140180  OO1A JO20 37            0     6    0
140707 2208  12 -19 -0.6  10.140223  DL1FX JN49 20           0     1    0
140707 2208  10 -20 -0.8  10.140232  G0BZB IO94 27           0     1    0
140707 2208  18 -12 -0.3  10.140245  OZ7IT JO65 37          -1     1    0
140707 2208   4 -32 -0.2  10.140255  KI7CI DM09 37           0     9    0
140707 2208  10 -21  0.2  10.140278  KK6AYK CM97 37          0     1    0
 Date   UTC Sync dB   DT    Freq       Message
--------------------------------------------------
140707 2208  12 -18  3.2  10.140107  HB9RKF JN36 30          0   134    0
140707 2208  24  -7  0.6  10.140129  KB1CHU FN42 30         -1  5230   46
140707 2208   5 -25 -0.8  10.140143  OH5XO KP41 23           0     1    0
140707 2208  16 -14  0.0  10.140163  G3THQ IO91 37           0     1    0
140707 2208  18  -8  0.9  10.140180  OO1A JO20 37            0     6    0
140707 2208  12 -19 -0.6  10.140223  DL1FX JN49 20           0     1    0
140707 2208  10 -20 -0.8  10.140232  G0BZB IO94 27           0     1    0
140707 2208  18 -12 -0.3  10.140245  OZ7IT JO65 37          -1     1    0
140707 2208   4 -32 -0.2  10.140255  KI7CI DM09 37           0     9    0
140707 2208  10 -21  0.2  10.140278  KK6AYK CM97 37          0     1    0
 Date   UTC Sync dB   DT    Freq       Message
--------------------------------------------------
140707 2208  12 -18  3.2  10.140107  HB9RKF JN36 30          0   134    0
140707 2208  24  -7  0.6  10.140129  KB1CHU FN42 30         -1  5230   46
140707 2208   5 -25 -0.8  10.140143  OH5XO KP41 23           0     1    0
140707 2208  16 -14  0.0  10.140163  G3THQ IO91 37           0     1    0
140707 2208  18  -8  0.9  10.140180  OO1A JO20 37            0     6    0
140707 2208  12 -19 -0.6  10.140223  DL1FX JN49 20           0     1    0
140707 2208  10 -20 -0.8  10.140232  G0BZB IO94 27           0     1    0
140707 2208  18 -12 -0.3  10.140245  OZ7IT JO65 37          -1     1    0
140707 2208   4 -32 -0.2  10.140255  KI7CI DM09 37           0     9    0
140707 2208  10 -21  0.2  10.140278  KK6AYK CM97 37          0     1    0
 Date   UTC Sync dB   DT    Freq       Message
--------------------------------------------------
140604 1822  19 -11 -0.1  10.140124  KB1CHU FN42 30         -1  7288    4
140604 1822   9 -22 -0.7  10.140132  DL5RBD JN69 37          0     1    0
140604 1822   7 -24  0.2  10.140183  AE5J EM20 30            0     5    0
140604 1822  19 -13 -0.3  10.140193  K0GUN EM36 20           0     1    0
140604 1822   6 -24 -0.8  10.140223  DM3FML JO60 37          0     2    0
140604 1822  35   1 -0.6  10.140261  AE2EA FN12 37           0     1    0
 Date   UTC Sync dB   DT    Freq       Message
--------------------------------------------------
140604 1820  11 -19  1.2  10.140136  G8VDQ IO91 37           0     1    0
140604 1820  15 -17  0.3  10.140212  DC4LC JN48 37          -1     1    0
140604 1820   4 -28 -1.0  10.140233  G0BZB IO94 27           1   350    0
140604 1820  15 -18  0.1  10.140289  VE3PLE FN25 7           0     1    0
 Date   UTC Sync dB   DT    Freq       Message
--------------------------------------------------
140604 1820  11 -19  1.2  10.140136  G8VDQ IO91 37           0     1    0
140604 1820  15 -17  0.3  10.140212  DC4LC JN48 37          -1     1    0
140604 1820   4 -28 -1.0  10.140233  G0BZB IO94 27           1   350    0
140604 1820  15 -18  0.1  10.140289  VE3PLE FN25 7           0     1    0
 Date   UTC Sync dB   DT    Freq       Message
--------------------------------------------------
weak          3 -29  0.0  10.140200  K1JT FN20 37            0    41    0
 Date   UTC Sync dB   DT    Freq       Message
--------------------------------------------------
strong       28  -5  0.0  10.140200  K1JT FN20 37            0     1    0
 Date   UTC Sync dB   DT    Freq       Message
--------------------------------------------------
multi        12 -21  0.0  10.140110  K1JT FN20 37            0     1    0
multi        10 -23  0.1  10.140130  K1JT FN20 37            0     1    0
multi         8 -22  0.2  10.140150  K1JT FN20 37            0     1    0
multi         8 -25  0.3  10.140170  K1JT FN20 37            0     1    0
multi         7 -26  0.5  10.140190  K1JT FN20 37            0     1    0
multi         5 -25  0.5  10.140210  K1JT FN20 37            0     1    0
multi         5 -26  0.6  10.140230  K1JT FN20 37            0     1    0
multi         4 -30  0.6  10.140250  K1JT FN20 37            0     2    0
multi         2 -28  0.8  10.140270  K1JT FN20 37            0  5442   -1
multi         1 -30  0.9  10.140290  K1JT FN20 37            0  5680    0
 Date   UTC Sync dB   DT    Freq       Message
--------------------------------------------------
multi        12 -21  0.0  10.140110  K1JT FN20 37            0     1    0
multi        10 -23  0.1  10.140130  K1JT FN20 37            0     1    0
multi         8 -22  0.2  10.140150  K1JT FN20 37            0     1    0
multi         8 -25  0.3  10.140170  K1JT FN20 37            0     1    0
multi         7 -26  0.5  10.140190  K1JT FN20 37            0     1    0
multi         5 -25  0.5  10.140210  K1JT FN20 37            0     1    0
multi         5 -26  0.6  10.140230  K1JT FN20 37            0     1    0
multi         4 -30  0.6  10.140250  K1JT FN20 37            0     2    0
multi         2 -28  0.8  10.140270  K1JT FN20 37            0  5442   -1
multi         1 -30  0.9  10.140290  K1JT FN20 37            0  5680    0
